(Symbol 09_neuron_1sy_1rs_02);
($Id:$);
(PHYSICAL);
(RESOLUTION 1000);
9 09_neuron_1sy_1rs_02;
DS 0 1 1;
DF;
E
(ELECTRICAL);
(RESOLUTION 1000);
5 7102  (||2:-46000 11000||) (||2:-14000 9000||) (||2:9000 11000||) (||2:11000 9000||) (||2:41000 9000||);
5 7101 tran 10p 500n;
5 14 1 L 12 L 13 1;
5 11 X 0 subckt;
9 09_neuron_1sy_1rs_02;
DS 0 1 1;
(SymbolCall gnd);
5 10 0 0 -17000 24000;
1 Bound -19600 23000 -17000 25000;
( Rotate 270 );
9 gnd;
C 0 R 0 -1 T -18000 25000;
(SymbolCall gnd);
5 10 0 0 5000 24000;
1 Bound 5000 23000 7600 25000;
( Rotate 90 );
9 gnd;
C 0 R 0 1 T 6000 23000;
(SymbolCall gnd);
5 10 0 0 -65000 20000;
1 Bound -66000 20000 -64000 22600;
( Rotate 180 );
9 gnd;
C 0 R -1 0 T -64000 21000;
(SymbolCall gnd);
5 10 0 0 -45000 20000;
1 Bound -46000 20000 -44000 22600;
( Rotate 180 );
9 gnd;
C 0 R -1 0 T -44000 21000;
(SymbolCall gnd);
5 10 0 0 -35000 20000;
1 Bound -36000 20000 -34000 22600;
( Rotate 180 );
9 gnd;
C 0 R -1 0 T -34000 21000;
(SymbolCall gnd);
5 10 0 0 -25000 20000;
1 Bound -26000 20000 -24000 22600;
( Rotate 180 );
9 gnd;
C 0 R -1 0 T -24000 21000;
(SymbolCall gnd);
5 10 0 0 10000 20000;
1 Bound 9000 20000 11000 22600;
( Rotate 180 );
9 gnd;
C 0 R -1 0 T 11000 21000;
(SymbolCall gnd);
5 10 0 0 20000 20000;
1 Bound 19000 20000 21000 22600;
( Rotate 180 );
9 gnd;
C 0 R -1 0 T 21000 21000;
(SymbolCall gnd);
5 10 0 0 30000 20000;
1 Bound 29000 20000 31000 22600;
( Rotate 180 );
9 gnd;
C 0 R -1 0 T 31000 21000;
(SymbolCall gnd);
5 10 0 0 -75000 12000;
1 Bound -76000 12000 -74000 14600;
9 gnd;
C 0 MY T -76000 13000;
(SymbolCall gnd);
5 10 0 0 -75000 -10000;
1 Bound -76000 -12600 -74000 -10000;
( Rotate 180 );
9 gnd;
C 0 MY R -1 0 T -74000 -11000;
(SymbolCall gnd);
5 10 0 0 -65000 -10000;
1 Bound -66000 -12600 -64000 -10000;
9 gnd;
C 0 T -66000 -11000;
(SymbolCall gnd);
5 10 0 0 -45000 -10000;
1 Bound -46000 -12600 -44000 -10000;
9 gnd;
C 0 T -46000 -11000;
(SymbolCall gnd);
5 10 0 0 -35000 -10000;
1 Bound -36000 -12600 -34000 -10000;
9 gnd;
C 0 T -36000 -11000;
(SymbolCall gnd);
5 10 0 0 -25000 -10000;
1 Bound -26000 -12600 -24000 -10000;
9 gnd;
C 0 T -26000 -11000;
(SymbolCall gnd);
5 10 0 0 -10000 -10000;
1 Bound -11000 -12600 -9000 -10000;
9 gnd;
C 0 T -11000 -11000;
(SymbolCall gnd);
5 10 0 0 20000 -10000;
1 Bound 19000 -12600 21000 -10000;
9 gnd;
C 0 T 19000 -11000;
(SymbolCall gnd);
5 10 0 0 30000 -10000;
1 Bound 29000 -12600 31000 -10000;
9 gnd;
C 0 T 29000 -11000;
(SymbolCall ind);
5 11 L 0;
5 2 1f;
5 15 -46000 11000 -1 0;
5 10 11 1 -55000 10000 L0-;
5 10 5 0 -45000 10000 L0+;
1 Bound -55000 10000 -45000 11500;
( Rotate 90 );
9 ind;
C 0 MY R 0 1 T -55000 9000;
(SymbolCall ind);
5 11 L 1;
5 2 77.5p;
5 15 -44000 11000 1 0;
5 10 6 1 -35000 10000 L1-;
5 10 5 0 -45000 10000 L1+;
1 Bound -45000 10000 -35000 11500;
( Rotate 90 );
9 ind;
C 0 R 0 1 T -35000 9000;
(SymbolCall ind);
5 2 77.5p;
5 11 L 2;
5 15 -34000 11000 1 0;
5 10 7 1 -25000 10000 L2-;
5 10 6 0 -35000 10000 L2+;
1 Bound -35000 10000 -25000 11500;
( Rotate 90 );
9 ind;
C 0 R 0 1 T -25000 9000;
(SymbolCall ind);
5 11 L 3;
5 2 77.5n;
5 15 -24000 11000 1 0;
5 10 12 1 -15000 10000 L3-;
5 10 7 0 -25000 10000 L3+;
1 Bound -25000 10000 -15000 11500;
( Rotate 90 );
9 ind;
C 0 R 0 1 T -15000 9000;
(SymbolCall ind);
5 10 14 1 0 10000 L4-;
5 10 8 0 10000 10000 L4+;
5 15 9000 11000 -1 0;
5 2 1f;
5 11 L 4;
1 Bound 0 10000 10000 11500;
( Rotate 90 );
9 ind;
C 0 MY R 0 1 T 0 9000;
(SymbolCall ind);
5 10 9 1 20000 10000 L5-;
5 10 8 0 10000 10000 L5+;
5 15 11000 11000 1 0;
5 2 200p;
5 11 L 5;
1 Bound 10000 10000 20000 11500;
( Rotate 90 );
9 ind;
C 0 R 0 1 T 20000 9000;
(SymbolCall ind);
5 10 10 1 30000 10000 L6-;
5 10 9 0 20000 10000 L6+;
5 15 21000 11000 1 0;
5 2 77.5p;
5 11 L 6;
1 Bound 20000 10000 30000 11500;
( Rotate 90 );
9 ind;
C 0 R 0 1 T 30000 9000;
(SymbolCall ind);
5 10 15 1 40000 10000 L7-;
5 10 10 0 30000 10000 L7+;
5 15 31000 11000 1 0;
5 2 1f;
5 11 L 7;
1 Bound 30000 10000 40000 11500;
( Rotate 90 );
9 ind;
C 0 R 0 1 T 40000 9000;
(SymbolCall ind);
5 11 L 8;
5 2 247.5n;
5 15 -66000 9000 0 -1;
5 10 16 1 -65000 0 L8-;
5 10 4 0 -65000 10000 L8+;
1 Bound -66500 0 -65000 10000;
( Rotate 180 );
9 ind;
C 0 MY R -1 0 T -64000 0;
(SymbolCall ind);
5 2 1f;
5 11 L 9;
5 15 -44000 9000 0 -1;
5 10 17 1 -45000 0 L9-;
5 10 5 0 -45000 10000 L9+;
1 Bound -45000 0 -43500 10000;
9 ind;
C 0 T -46000 0;
(SymbolCall ind);
5 2 1f;
5 11 L 10;
5 15 -34000 9000 0 -1;
5 10 18 1 -35000 0 L10-;
5 10 6 0 -35000 10000 L10+;
1 Bound -35000 0 -33500 10000;
9 ind;
C 0 T -36000 0;
(SymbolCall ind);
5 2 1f;
5 11 L 11;
5 15 -24000 9000 0 -1;
5 10 19 1 -25000 0 L11-;
5 10 7 0 -25000 10000 L11+;
1 Bound -25000 0 -23500 10000;
9 ind;
C 0 T -26000 0;
(SymbolCall ind);
5 17 mutual;
5 11 L 12;
5 2 200p;
5 15 -14000 9000 0 -1;
5 10 3 1 -15000 0 L12-;
5 10 12 0 -15000 10000 L12+;
1 Bound -15000 0 -13500 10000;
9 ind;
C 0 T -16000 0;
(SymbolCall ind);
5 17 mutual;
5 10 20 1 -10000 0 L13-;
5 10 13 0 -10000 10000 L13+;
5 15 -11000 9000 0 -1;
5 2 10p;
5 11 L 13;
1 Bound -11500 0 -10000 10000;
( Rotate 180 );
9 ind;
C 0 MY R -1 0 T -9000 0;
(SymbolCall ind);
5 10 21 1 10000 0 L14-;
5 10 8 0 10000 10000 L14+;
5 15 11000 9000 0 -1;
5 2 6p;
5 11 L 14;
1 Bound 10000 0 11500 10000;
9 ind;
C 0 T 9000 0;
(SymbolCall ind);
5 10 22 1 20000 0 L15-;
5 10 9 0 20000 10000 L15+;
5 15 21000 9000 0 -1;
5 2 1f;
5 11 L 15;
1 Bound 20000 0 21500 10000;
9 ind;
C 0 T 19000 0;
(SymbolCall ind);
5 10 23 1 30000 0 L16-;
5 10 10 0 30000 10000 L16+;
5 15 31000 9000 0 -1;
5 2 1f;
5 11 L 16;
1 Bound 30000 0 31500 10000;
9 ind;
C 0 T 29000 0;
(SymbolCall ind);
5 10 24 1 40000 0 L17-;
5 10 15 0 40000 10000 L17+;
5 15 41000 9000 0 -1;
5 2 775n;
5 11 L 17;
1 Bound 40000 0 41500 10000;
9 ind;
C 0 T 39000 0;
(SymbolCall ind);
5 10 0 1 -10000 -10000 L18-;
5 10 20 0 -10000 0 L18+;
5 15 -11000 -1000 0 -1;
5 2 10p;
5 11 L 18;
1 Bound -11500 -10000 -10000 0;
( Rotate 180 );
9 ind;
C 0 MY R -1 0 T -9000 -10000;
(SymbolCall ind);
5 10 0 1 0 -10000 L19-;
5 10 25 0 10000 -10000 L19+;
5 15 9000 -11000 -1 0;
5 11 L 19;
5 2 20p;
1 Bound 0 -11500 10000 -10000;
( Rotate 270 );
9 ind;
C 0 R 0 -1 T 0 -9000;
(SymbolCall isrc);
5 2 pwl(0 0 0.09n 0 0.1n 20u);
5 15 -65000 14000 0 -1 @<name>[c];
5 11 I 0;
5 10 4 1 -65000 10000 I0_1;
5 10 0 0 -65000 20000 I0_0;
5 5 nophys;
1 Bound -67000 10000 -63000 20000;
9 isrc;
C 0 T -67000 10000;
(SymbolCall isrc);
5 2 pwl(0 0 0.09n 0 0.1n 30u);
5 15 -45000 14000 0 -1 @<name>[c];
5 11 I 1;
5 10 5 1 -45000 10000 I1_1;
5 10 0 0 -45000 20000 I1_0;
5 5 nophys;
1 Bound -47000 10000 -43000 20000;
9 isrc;
C 0 T -47000 10000;
(SymbolCall isrc);
5 2 pwl(0 0 0.09n 0 0.1n 36u);
5 15 -35000 14000 0 -1 @<name>[c];
5 11 I 2;
5 10 6 1 -35000 10000 I2_1;
5 10 0 0 -35000 20000 I2_0;
5 5 nophys;
1 Bound -37000 10000 -33000 20000;
9 isrc;
C 0 T -37000 10000;
(SymbolCall isrc);
5 2 pwl(0 0 0.09n 0 0.1n 35u);
5 15 -25000 14000 0 -1 @<name>[c];
5 11 I 3;
5 10 7 1 -25000 10000 I3_1;
5 10 0 0 -25000 20000 I3_0;
5 5 nophys;
1 Bound -27000 10000 -23000 20000;
9 isrc;
C 0 T -27000 10000;
(SymbolCall isrc);
5 2 pwl(0 0 0.09n 0 0.1n 71.5u);
5 10 8 1 10000 10000 I4_1;
5 10 0 0 10000 20000 I4_0;
5 15 10000 14000 0 -1 @<name>[c];
5 11 I 4;
5 5 nophys;
1 Bound 8000 10000 12000 20000;
9 isrc;
C 0 T 8000 10000;
(SymbolCall isrc);
5 2 pwl(0 0 0.09n 0 0.1ns 36u);
5 10 9 1 20000 10000 I5_1;
5 10 0 0 20000 20000 I5_0;
5 15 20000 14000 0 -1 @<name>[c];
5 5 nophys;
5 11 I 5;
1 Bound 18000 10000 22000 20000;
9 isrc;
C 0 T 18000 10000;
(SymbolCall isrc);
5 2 pwl(0 0 0.09n 0 0.1ns 35u);
5 10 10 1 30000 10000 I6_1;
5 10 0 0 30000 20000 I6_0;
5 15 30000 14000 0 -1 @<name>[c];
5 5 nophys;
5 11 I 6;
1 Bound 28000 10000 32000 20000;
9 isrc;
C 0 T 28000 10000;
(SymbolCall jj);
5 10 26 2 -2000 9000 B0_2;
5 10 13 1 -10000 10000 B0-;
5 10 14 0 0 10000 B0+;
5 3 area=40;
5 1 jjSFQ1;
5 11 B 0;
1 Bound -10000 8500 0 11500;
( Rotate 90 );
9 jj;
C 0 MY R 0 1 T -10000 9000;
(SymbolCall jj);
5 3 area=40;
5 1 jjSFQ1;
5 11 B 1;
5 10 27 2 -46000 -2000 B1_2;
5 10 0 1 -45000 -10000 B1-;
5 10 17 0 -45000 0 B1+;
1 Bound -46500 -10000 -43500 0;
9 jj;
C 0 T -46000 -10000;
(SymbolCall jj);
5 3 area=40;
5 1 jjSFQ1;
5 11 B 2;
5 10 28 2 -36000 -2000 B2_2;
5 10 0 1 -35000 -10000 B2-;
5 10 18 0 -35000 0 B2+;
1 Bound -36500 -10000 -33500 0;
9 jj;
C 0 T -36000 -10000;
(SymbolCall jj);
5 3 area=40;
5 1 jjSFQ1;
5 11 B 3;
5 10 29 2 -26000 -2000 B3_2;
5 10 0 1 -25000 -10000 B3-;
5 10 19 0 -25000 0 B3+;
1 Bound -26500 -10000 -23500 0;
9 jj;
C 0 T -26000 -10000;
(SymbolCall jj);
5 10 30 2 9000 -2000 B4_2;
5 10 25 1 10000 -10000 B4-;
5 10 21 0 10000 0 B4+;
5 11 B 4;
5 3 area=40;
5 1 jjSFQ1;
1 Bound 8500 -10000 11500 0;
9 jj;
C 0 T 9000 -10000;
(SymbolCall jj);
5 10 31 2 19000 -2000 B5_2;
5 10 0 1 20000 -10000 B5-;
5 10 22 0 20000 0 B5+;
5 1 jjSFQ1;
5 3 area=40;
5 11 B 5;
1 Bound 18500 -10000 21500 0;
9 jj;
C 0 T 19000 -10000;
(SymbolCall jj);
5 10 32 2 29000 -2000 B6_2;
5 10 0 1 30000 -10000 B6-;
5 10 23 0 30000 0 B6+;
5 1 jjSFQ1;
5 3 area=40;
5 11 B 6;
1 Bound 28500 -10000 31500 0;
9 jj;
C 0 T 29000 -10000;
(SymbolCall res);
5 11 R 0;
5 2 1;
5 10 1 0 -7000 24000 R0+;
5 10 0 1 -17000 24000 R0-;
5 15 -8000 25000 -1 0 "<v>/<value>O";
1 Bound -17000 23000 -7000 25250;
( Rotate 270 );
9 res;
C 0 R 0 -1 T -7000 24000;
(SymbolCall res);
5 10 2 1 -75000 2000 R1-;
5 10 0 0 -75000 12000 R1+;
5 2 1;
5 11 R 1;
5 15 -74000 11000 0 -1 "<v>/<value>O";
1 Bound -76000 2000 -73750 12000;
( Rotate 180 );
9 res;
C 0 MY R -1 0 T -75000 12000;
(SymbolCall res);
5 2 v(1)+8.25;
5 15 -64000 9000 1 0 "<v>/<value>O";
5 11 R 2;
5 10 11 1 -55000 10000 R2-;
5 10 4 0 -65000 10000 R2+;
1 Bound -65000 8750 -55000 11000;
( Rotate 90 );
9 res;
C 0 R 0 1 T -65000 10000;
(SymbolCall res);
5 11 R 3;
5 2 v(2)+1e-6;
5 15 -66000 -1000 0 -1 "<v>/<value>O";
5 10 0 1 -65000 -10000 R3-;
5 10 16 0 -65000 0 R3+;
1 Bound -66250 -10000 -64000 0;
9 res;
C 0 T -65000 0;
(SymbolCall res);
5 10 0 1 40000 -10000 R4-;
5 10 24 0 40000 0 R4+;
5 15 39000 -1000 0 -1 "<v>/<value>O";
5 2 R=v(1)+77.5;
5 11 R 4;
1 Bound 38750 -10000 41000 0;
9 res;
C 0 T 40000 0;
(SymbolCall res);
5 2 v(1)+1e-6;
5 11 R 5;
5 10 3 0 -15000 -10000 R5+;
5 10 0 1 -25000 -10000 R5-;
5 15 -16000 -11000 -1 0 "<v>/<value>O";
1 Bound -25000 -11250 -15000 -9000;
( Rotate 90 );
9 res;
C 0 MY R 0 1 T -15000 -10000;
(SymbolCall vsrc);
5 11 V 0;
5 5 nophys;
5 2 pwl(0 1e5 0.2ns 1e5 0.3ns 0);
5 10 1 0 -5000 24000 V0_0;
5 10 0 1 5000 24000 V0_1;
5 15 -1000 24000 1 0;
1 Bound -5000 22000 5000 26000;
( Rotate 90 );
9 vsrc;
C 0 R 0 1 T 5000 22000;
(SymbolCall vsrc);
5 10 0 1 -75000 -10000 V1_1;
5 10 2 0 -75000 0 V1_0;
5 2 pulse(0 5e3 5ns 1ns 1ns 1ns 50ns);
5 5 nophys;
5 11 V 1;
5 15 -75000 -4000 0 -1;
1 Bound -77000 -10000 -73000 0;
( Rotate 180 );
9 vsrc;
C 0 MY R -1 0 T -73000 -10000;
L SCED;
5 10 1;
W2 0 -7000 24000 -5000 24000;
5 10 2;
W2 0 -75000 2000 -75000 0;
5 10 3;
W2 0 -15000 0 -15000 -10000;
5 10 0;
W2 0 0 -10000 -10000 -10000;
5 10 0;
W2 0 40000 -10000 30000 -10000;
L NAME;
5 16 V 0 11;
94 <<V0>> -4750 26250 0 1275 1000;
5 16 R 0 11;
94 <<R0>> -16750 25500 0 1275 1000;
5 16 I 0 11;
94 <<I0>> -67250 18750 320 975 1000;
5 16 I 1 11;
94 <<I1>> -47250 18750 320 750 1000;
5 16 I 2 11;
94 <<I2>> -37250 18750 320 975 1000;
5 16 I 3 11;
94 <<I3>> -27250 18750 320 975 1000;
5 16 I 4 11;
94 <<I4>> 7750 18750 320 975 1000;
5 16 I 5 11;
94 <<I5>> 17750 18750 320 975 1000;
5 16 I 6 11;
94 <<I6>> 27750 18750 320 975 1000;
5 16 L 4 11;
94 <<L4>> 4250 11750 0 1275 1000;
5 16 L 5 11;
94 <<L5>> 10250 11750 0 1275 1000;
5 16 L 6 11;
94 <<L6>> 20250 11750 0 1275 1000;
5 16 L 7 11;
94 <<L7>> 30250 11750 0 1275 1000;
5 16 R 2 11;
94 <<R2>> -64750 11250 0 1275 1000;
5 16 B 0 11;
94 <<B0>> -7750 9750 0 1275 1000;
5 16 L 0 11;
94 <<L0>> -50750 8750 0 1275 1000;
5 16 L 1 11;
94 <<L1>> -41750 8750 0 1050 1000;
5 16 L 2 11;
94 <<L2>> -31750 8750 0 1275 1000;
5 16 L 3 11;
94 <<L3>> -21750 8750 0 1275 1000;
5 16 L 17 11;
94 <<L17>> 39750 8750 320 1650 1000;
5 16 R 1 11;
94 <<R1>> -73250 6750 320 1050 1000;
5 16 L 9 11;
94 <<L9>> -45250 6750 320 1275 1000;
5 16 L 10 11;
94 <<L10>> -35250 6750 320 1650 1000;
5 16 L 11 11;
94 <<L11>> -25250 6750 320 1425 1000;
5 16 L 12 11;
94 <<L12>> -15250 5750 320 1650 1000;
5 16 L 13 11;
94 <<L13>> -8750 5750 320 1650 1000;
5 16 L 14 11;
94 <<L14>> 9750 5750 320 1650 1000;
5 16 L 15 11;
94 <<L15>> 19750 5750 320 1650 1000;
5 16 L 16 11;
94 <<L16>> 29750 5750 320 1650 1000;
5 16 L 8 11;
94 <<L8>> -66750 4750 320 1275 1000;
5 16 B 1 11;
94 <<B1>> -46750 -1250 320 1050 1000;
5 16 B 2 11;
94 <<B2>> -36750 -1250 320 1275 1000;
5 16 B 3 11;
94 <<B3>> -26750 -1250 320 1275 1000;
5 16 V 1 11;
94 <<V1>> -73250 -2750 324 1050 1000;
5 16 R 3 11;
94 <<R3>> -66500 -4250 320 1275 1000;
5 16 B 4 11;
94 <<B4>> 8250 -4250 320 1275 1000;
5 16 B 5 11;
94 <<B5>> 18250 -4250 320 1275 1000;
5 16 B 6 11;
94 <<B6>> 28250 -4250 320 1275 1000;
5 16 R 4 11;
94 <<R4>> 38500 -4250 320 1275 1000;
5 16 L 18 11;
94 <<L18>> -9250 -6250 326 1650 1000;
5 16 R 5 11;
94 <<R5>> -18750 -8750 0 1275 1000;
5 16 L 19 11;
94 <<L19>> 1250 -9750 0 1650 1000;
L MODL;
5 16 B 0 1;
94 <<jjSFQ1>> -3250 8250 320 3300 1000;
5 16 B 1 1;
94 <<jjSFQ1>> -43250 -4250 256 3300 1000;
5 16 B 2 1;
94 <<jjSFQ1>> -33250 -4250 256 3300 1000;
5 16 B 3 1;
94 <<jjSFQ1>> -23250 -4250 256 3300 1000;
5 16 B 4 1;
94 <<jjSFQ1>> 11750 -4250 256 3300 1000;
5 16 B 5 1;
94 <<jjSFQ1>> 21750 -4250 256 3300 1000;
5 16 B 6 1;
94 <<jjSFQ1>> 31750 -4250 256 3300 1000;
L VALU;
5 16 I 4 2;
94 <<pwl(0 0 0.09n 0 0.1n 71.5u)>> 12250 13250 33025 13800 1000;
5 16 I 5 2;
94 <<pwl(0 0 0.09n 0 0.1ns 36u)>> 22000 13250 33025 13800 1000;
5 16 I 6 2;
94 <<pwl(0 0 0.09n 0 0.1ns 35u)>> 32250 13250 33025 13800 1000;
5 16 I 0 2;
94 <<pwl(0 0 0.09n 0 0.1n 20u)>> -61750 12250 33025 13200 1000;
5 16 I 1 2;
94 <<pwl(0 0 0.09n 0 0.1n 30u)>> -42750 12250 33025 13200 1000;
5 16 I 2 2;
94 <<pwl(0 0 0.09n 0 0.1n 36u)>> -32750 12250 33025 13200 1000;
5 16 I 3 2;
94 <<pwl(0 0 0.09n 0 0.1n 35u)>> -22750 12250 33025 13200 1000;
5 16 R 0 2;
94 <<1>> -12250 22750 33088 450 1000;
5 16 V 0 2;
94 <<pwl(0 1e5 0.2ns 1e5 0.3ns 0)>> 4750 21750 33088 14775 1000;
5 16 L 0 2;
94 <<1f>> -48250 9750 33088 975 1000;
5 16 L 1 2;
94 <<77.5p>> -37250 9750 33088 2700 1000;
5 16 L 2 2;
94 <<77.5p>> -27250 9750 33088 2700 1000;
5 16 L 3 2;
94 <<77.5n>> -17250 9750 33088 2700 1000;
5 16 L 4 2;
94 <<1f>> 5750 9750 33088 975 1000;
5 16 L 5 2;
94 <<200p>> 19750 9750 33088 2475 1000;
5 16 L 6 2;
94 <<77.5p>> 29750 9750 33088 2700 1000;
5 16 L 7 2;
94 <<1f>> 39750 9750 33088 975 1000;
5 16 R 1 2;
94 <<1>> -73500 8750 33024 450 1000;
5 16 V 1 2;
94 <<pulse(0 5e3 5ns 1ns 1ns 1ns 50ns)>> -78750 -9750 33025 18300 1000;
5 16 R 2 2;
94 <<v(1)+8.25>> -55250 8500 33088 4275 1000;
5 16 L 17 2;
94 <<775n>> 41750 6750 33024 2475 1000;
5 16 L 14 2;
94 <<6p>> 11750 5750 33024 1275 1000;
5 16 L 15 2;
94 <<1f>> 21750 5750 33024 975 1000;
5 16 L 16 2;
94 <<1f>> 31750 5750 33024 975 1000;
5 16 K 1 14;
94 <<K1=1>> -13587 4500 0 1950 1000;
5 16 L 9 2;
94 <<1f>> -46250 4750 33024 975 1000;
5 16 L 10 2;
94 <<1f>> -36250 4750 33024 975 1000;
5 16 L 11 2;
94 <<1f>> -26250 4750 33024 975 1000;
5 16 L 8 2;
94 <<247.5n>> -64750 3750 33024 3300 1000;
5 16 L 12 2;
94 <<200p>> -17250 3750 33024 2475 1000;
5 16 L 13 2;
94 <<10p>> -9750 3750 33024 1650 1000;
5 16 R 3 2;
94 <<v(2)+1e-6>> -63750 -4250 33024 4650 1000;
5 16 L 18 2;
94 <<10p>> -8750 -4250 33024 1650 1000;
5 16 R 4 2;
94 <<R=v(1)+77.5>> 41250 -4250 33024 5400 1000;
5 16 L 19 2;
94 <<20p>> 6750 -8750 33088 1875 1000;
5 16 R 5 2;
94 <<v(1)+1e-6>> -17250 -11500 33088 4425 1000;
L PARM;
5 16 B 0 3;
94 <<area=40>> -6750 7250 33024 4200 1000;
5 16 B 1 3;
94 <<area=40>> -43250 -6750 32768 4200 1000;
5 16 B 2 3;
94 <<area=40>> -33250 -6750 32768 4200 1000;
5 16 B 3 3;
94 <<area=40>> -23250 -6750 32768 4200 1000;
5 16 B 4 3;
94 <<area=40>> 11750 -6750 32768 4200 1000;
5 16 B 5 3;
94 <<area=40>> 21750 -6750 32768 4200 1000;
5 16 B 6 3;
94 <<area=40>> 31750 -6750 32768 4200 1000;
DF;
E
* Generated by Xic from cell 09_neuron_1sy_1rs_02
.tran 10p 500n
.plot tran  L0#branch L12#branch L4#branch L14#branch L17#branch
B0 14 13 26 jjSFQ1 area=40
B1 17 0 27 jjSFQ1 area=40
B2 18 0 28 jjSFQ1 area=40
B3 19 0 29 jjSFQ1 area=40
B4 21 25 30 jjSFQ1 area=40
B5 22 0 31 jjSFQ1 area=40
B6 23 0 32 jjSFQ1 area=40
I0 0 4 pwl(0 0 0.09n 0 0.1n 20u)
I1 0 5 pwl(0 0 0.09n 0 0.1n 30u)
I2 0 6 pwl(0 0 0.09n 0 0.1n 36u)
I3 0 7 pwl(0 0 0.09n 0 0.1n 35u)
I4 0 8 pwl(0 0 0.09n 0 0.1n 71.5u)
I5 0 9 pwl(0 0 0.09n 0 0.1ns 36u)
I6 0 10 pwl(0 0 0.09n 0 0.1ns 35u)
K1 L12 L13 1
L0 5 11 1f
L1 5 6 77.5p
L2 6 7 77.5p
L3 7 12 77.5n
L4 8 14 1f
L5 8 9 200p
L6 9 10 77.5p
L7 10 15 1f
L8 4 16 247.5n
L9 5 17 1f
L10 6 18 1f
L11 7 19 1f
L12 12 3 200p
L13 13 20 10p
L14 8 21 6p
L15 9 22 1f
L16 10 23 1f
L17 15 24 775n
L18 20 0 10p
L19 25 0 20p
R0 1 0 1
R1 0 2 1
R2 4 11 v(1)+8.25
R3 16 0 v(2)+1e-6
R4 24 0 R=v(1)+77.5
R5 3 0 v(1)+1e-6
V0 1 0 pwl(0 1e5 0.2ns 1e5 0.3ns 0)
V1 2 0 pulse(0 5e3 5ns 1ns 1ns 1ns 50ns)
.model jjSFQ1 jj(rtype=0, cct=1, vg=2.8m, icrit=1u, cap= 5f, vshunt=0.25mV)
.save @I5[c]
.save @I0[c]
.save @I2[c]
.save @I4[c]
.save @I6[c]
.save @I1[c]
.save @I3[c]
